mutationClass	DBS1	DBS2	DBS3	DBS4	DBS5	DBS7	DBS8	DBS10	DBS11	DBS12	DBS13	DBS14	DBS15	DBS16	DBS17	DBS18	DBS19	DBS20	DBS21	DBS22	DBS23	DBS24	DBS25	DBS26	DBS27	DBS28	DBS29	DBS30	DBS31	DBS32	DBS33	DBS34	DBS35	DBS36	DBS37	DBS38	DBS39	DBS40	DBS41
AC>CA	0.000665474	0.003844116	0.004599361	0.006061805	0.00421575	0.031001625	0.258940367	0.005665928	0.00384929	0.003852165	0.005774147	0.014720086	0.013541153	0.017223493	0.007019636	0.001736148	0.034405415	0.014521595	0.127237128	0.01837212	1.16E-09	0.007588561	0.016014947	0.057128753	0.007749082	0.032231987	0.020037074	0.02371286	0.002829066	0	0.009034757	0	0.034620881	0.039477944	0.020026977	0.040219285	0.087005543	0.045995829	0
AC>CG	0.000103004	0.000310574	7.19E-05	1.41E-20	0.000248831	0.003334801	0.002146485	4.94E-05	0.000373108	0.001928398	0.000844949	0.000293034	0.002199903	0.000551862	0	8.43E-05	0.00137433	0.001340029	0	0.001832114	0	0	0.003578166	0.003846334	0.002536086	0.00103177	0	0	0	0	0	0	0	0	0	0.009104773	0	0	0
AC>CT	0.003689303	0.002625151	0.001921419	0.006597896	0.001894307	0.001785673	0.475589938	0.003708709	0.00297481	0.001154002	0.004991757	0.007622229	0.015735811	0.009273562	0.002603527	0.002022322	0.012946007	0.006843995	0.00680179	0.010881789	0.00966943	0.007473705	0.004196566	0.021554211	0.006363161	0.008478842	0.006514384	0.012777205	0.006222768	0	0.009720617	0.01526363	0.019192647	0	0	0.004089477	0	0.031091877	0
AC>GA	0.000736094	0.000934174	0.00415612	0.001870894	0.001957603	0.005748234	0.001996015	0.005903984	0.004027142	0.00826378	0.004123445	0.008478836	0.014993322	0.00772001	0.003847049	0.002274012	0.005328392	0.0123465	0.003075241	0.007702565	0.002356164	2.95E-06	0.008819957	0.007778656	0.003634877	0.001927671	0.005190848	0.004012466	0.000873366	0.016035327	0.008799246	0.014523019	0.007899422	0.028523733	0.013337004	0.018364774	0.046038342	0.031091877	0.065495546
AC>GG	4.54E-05	0.000279422	0.000267891	0.001470041	0.000290942	0.002020964	3.49E-05	0.00059431	0.00183407	0.004000114	0.00032626	0.000918794	0.004846445	0.004866118	0.002748426	0.000667833	0.003556099	0.001562036	0.0033592	0.002581785	2.72E-09	0	0.002837494	0.000499963	0.003246781	0.000652313	0.004314015	0	0.004772716	0	0.009720617	0	0	0	0	0	0	0	0.013141481
AC>GT	0.002286059	0.00084906	0.006180673	0.00059584	0.001913826	0.008576883	0.0007194	0.014888454	0.001549833	0.000491531	0.002663146	0.060887332	0.011606973	0.001326799	0	0.001538267	0.011827653	0.004455164	0.027544229	0.01161058	5.56E-15	0.002829087	0.00036099	0.002652253	0.039482074	0.007800251	0.043942048	0	0.015693656	0.032287923	0.009495001	0	0.003974483	0	0.026724077	0	0.01060578	0.015637392	0
AC>TA	0.001462725	0.002550113	0.004352289	0.003694683	0.003252147	0.00378748	0.006052266	0.000410874	0.003287159	0.002174574	0.006373472	0.002035822	0.017842677	0.02939081	0.009090138	0.003665579	0.004439545	0.009772154	0	0.010751723	0.006766253	0.017919527	0.003861749	0.008369311	0.002662289	0.002173357	0.000427183	0.004992579	0.021900975	0	0.027799537	0	0	0	0.006639764	0.016496009	0.010354913	0	0
AC>TG	0.000441742	0.000280117	0	0.001461682	0.001046031	0.01352164	0.000185611	3.94E-05	0.000394339	0.001962738	0.00199552	7.04E-05	0.006783933	1.54E-08	0.002621468	0.000588798	0.001842425	0.003120249	0	1.27E-06	0.000669768	0	0.000371455	0.001306739	0.002138896	0.000505381	0.000464856	0.004992569	0	0	0.018302142	0	0	0	0.006646965	0	0	0.015910882	0
AC>TT	0.017024219	0.003860097	0.004085655	0.009247518	0.005099434	0.007743326	0.000523852	0.000554937	0.005603462	0.000714161	0.007890815	0.004015734	0.035012404	0.029575949	0	0.005079112	0.008582194	0.011734794	0	0.013821756	0.007700978	0.011304315	0.002148084	0.005029172	0.011821095	0.002360676	0.005068336	0.017784645	0.079068542	0.01619826	0.037524553	0	0.006179423	0.013611004	0	0	0	0	0.013111215
AT>CA	0.001057983	0.000251085	0.005820811	0.000420144	0.001714355	0.015103058	4.83E-11	0.004178331	0.001185921	0.000536672	0.001536049	0.003188617	0.004905032	0.017686179	0	0.001299144	0.005780349	0.005859944	0.008642983	0.025980236	8.81E-11	0	0.000643134	0.004663045	0.00505943	0.004463901	0.00128259	0.022785851	0.000126098	0	0	0	0.025403409	0.043139838	0.006675659	0	0.010629756	0.015910882	0
AT>CC	0.000230464	0.000301408	0.006430625	0.000726003	0.000415268	0.009748602	0.00047691	0.003704954	0.000159047	0.001831467	0.001325011	0.004713742	0.002940662	0.005713708	0	0.001260533	0.003374946	0.001431398	0	0.01053828	0	0	6.97E-58	0.002334384	0.005532773	0.000847385	0.001010374	0.004992537	0	0	0	0	0.013055216	0	0.013365609	0.009042221	0.011845775	0	0
AT>CG	0.000152463	9.96E-05	0.009258745	0.000777426	7.84E-05	0.017538826	0.000225309	0.004451473	0.000143622	0.000893678	0.000172611	0.000700708	0.000761791	0.001362583	0	0.000129289	0	0.001246845	0	0.004335248	0	0	0.000981141	0.00510888	0	0.000153749	0	0.004992549	0	0	0	0	0.014020126	0	0	0.009257844	0	0	0
AT>GA	0.001856523	0.000690653	0.001234915	0.00399124	0.001212329	0.004813018	8.37E-10	0.001009158	0.000963558	0.003472135	0.001371211	0.001920032	0.005456	0.023539299	0	0.001848118	0.010306276	0.004665126	0.003395172	0.018115087	0.002152354	0.001280954	0.001624247	0.002183494	0.007552397	0.004808049	0.004489104	0.021853768	0.009456191	0	0	0	0.009569997	0.042898976	0	0.008827933	0	0	0
AT>GC	0.000223853	0.000214114	0.003638769	0.00117615	0.000423505	0.006534724	0.000404313	0.003625006	0.00076087	0.000919677	0.001017898	0.006036003	0.00073775	0.009119386	0	0.000536829	0.00741421	0.000706899	0.003417203	0.00923564	0	0	9.21E-05	0.000170339	0.007464036	0.001629381	0.005584192	0	0.00154561	0	0	0	0.006324058	0	0.020048414	0.009547834	0	0	0
AT>TA	0.002897105	0.000866575	0.016950619	0.00788164	0.002910505	0.002574233	0.000786085	0.003061302	0.005929693	0.000783356	0.004319912	0.011267336	0.012067527	0.060016735	0.005066892	0.003584702	0.035835651	0.010941532	0.037302917	0.026018669	0.003003882	0.021354095	0.000447662	0.013935564	0.006110711	0.013877679	0.014563679	0.020537016	0.01996846	0	0.047701714	0	3.74E-05	0.00887356	0.033385445	0.046382052	0.009434817	0.030633248	0
CC>AA	0.002357285	0.569410051	0.009286144	0.040107578	0.041348082	0.000201302	0.020008439	0.006274724	0.025076475	0.003684247	0.338414726	0.004482337	0.002473171	0.002763396	0.025364751	0.041974255	0.013370663	0.017350012	0.006909333	0.038691249	0.071300006	0.020981818	0.036062478	0.038653137	0.015304714	0.003452517	0.009852999	0.022295314	0.004344272	0.001413537	1.19E-10	0.00786513	0.005919216	0.002810447	0.005727663	0.072942836	0.068159523	5.96E-06	1.13E-06
CC>AG	0.000982064	0.059806132	0.007670481	0.024380731	0.022640298	0.008273698	0.006460561	0.00093976	0.005644101	0.017680897	0.052321361	5.93E-31	0.004954725	0.011835804	0.012367284	0.024355051	0.001465486	0.017124604	0	0.015492143	0.017211142	0.008202952	0.011733687	0.008353425	0.011754108	0.000399978	2.78E-07	0.013039741	0.001968057	0	0	0.038859644	0.037837934	0.04892525	0	0	0.043681721	0.014152592	0.025072213
CC>AT	0.02530421	0.083112737	0.002885547	0.026126703	0.025094465	0.01993565	0.016003086	0.008722482	0.042779729	0.001649851	0.072494802	0.027119141	0.028781762	0.011728446	0.05862351	0.017107606	0.008486926	0.027497687	0.004620555	0.011759017	0.014061593	0.00922555	0.014013832	0.017711438	0.034652475	0.001396664	0.041542092	1.87E-05	0.061155756	0.046991314	0.030839634	0.098445588	0.003895628	0.066648228	0.019810755	0.032182447	0	0	0.02440617
CC>GA	0.000486323	0.019130735	0.003850732	0.004566904	0.004880314	0.004039912	0.002826565	0.000122384	0.003254717	0.00505118	0.018452587	0.000194586	0.004625435	0.003408809	0.014535147	0.002455581	0.001912995	0.006731853	0.008670646	0.006114788	0.000450515	0	0.005954095	0.004429561	0.007667475	0.000489787	0.001190344	8.75E-05	0.014271451	0	0	0	0.010666169	0.010695054	0	0	0.009541159	0.014528676	0
CC>GG	0.000321152	0.002448295	1.05E-16	0.001004383	0.00205067	0.008647377	0.001009653	7.98E-19	0.000882126	0.019195082	0.003523239	1.41E-147	0.002146563	3.67E-14	0	0.001735398	0.002328883	0.00370098	0.003496121	0.005025454	0.000618913	0	0.000195588	0.002289246	0.008400833	0.00166481	0.000483906	0	0.006428281	0	0	0	0	0.013595956	0	0	0	0.015545938	0
CC>GT	0.009149007	0.003061006	3.37E-15	0.005926022	0.003581211	0.004597474	0.001768549	0.00025713	0.021854316	0.003831628	0.006079159	0.000772869	0.007784012	0.009254047	0.017859789	0.003085999	0.003343438	0.005107614	0.001026328	0.01753607	0.001525108	0.007166442	0.007793797	0.005255385	0.017519446	0.001143165	0.004295684	0	0.002279987	0	0	0	0.017898345	0	0	0	0.011727426	0	0
CC>TA	0.014041461	0.016851933	0.019300135	0.006592488	0.010041186	0	0.000382184	0.034287213	0.05039415	0.004157773	0.022044944	0.039521056	0.008194727	0.008637562	0.027589133	0.012877581	0.003917876	0.008094937	7.40E-08	0.014145352	0.010268131	0.000554007	0.003575615	0.007947783	0.010665963	0.001047979	0.058870841	0.002711865	0.001982087	0	0	0.011287894	0.013998157	0	0	0.005230085	0.009269471	0	0
CC>TG	0.003969042	0.001865597	1.27E-08	0.005865984	0.006354067	0.007668237	0.002721815	8.86E-05	0.012298864	0.025680065	0.005898641	0.000232758	0.009312622	0.004390196	0	0.004535547	0.002020669	0.004909709	0	0.008209733	0.000164778	0.002208816	0.00237277	0.003063447	0.024752526	0.000969111	4.14E-08	0.004013498	0.000709955	0.016171112	0	0	3.08E-05	0.013202868	0	0.028040996	0	0	0.01308095
CC>TT	0.794472534	0.010424614	0.017033452	0.013887702	0.00651167	0.013964037	0.001734031	0.018741763	0.265349623	8.00E-06	0.018980566	0.053639893	0.013536913	0.023085467	0.069561224	0.008157745	0.01984918	0.009293539	0.049812713	0.046034944	0.000360259	0.004263201	0.016597756	0.012578366	0.023188359	0.006275869	0.071382649	0.00351964	0.061314249	0.324019488	0.105802382	0.011789321	0.008788864	0.017028476	0.013329839	0.034987883	0.002755261	0.062732254	0.01259665
CG>AT	9.41E-05	0.0028843	0.000250884	0.001129518	0.001196414	0	0.000528024	0.000139268	0.000102465	0.051957167	0.001527737	8.68E-69	0.001188817	1.60E-06	0.00206465	0.001419185	9.91E-14	0.002395861	0	0.001609968	0.002091447	0	0.001191882	0.000922082	0.001355053	6.77E-06	0.000613455	0.013691344	0.013067328	0	0	0	0	0	0	0	0	0	0
CG>GC	1.54E-05	0.000618115	0	6.73E-14	0.000130388	0	3.01E-16	1.97E-05	0.000123302	0.142828099	0.000153667	0.000411413	5.27E-05	0.000228756	0	1.70E-05	0.002021264	0.000275133	0	0.000151769	0	0	0.003298034	2.56E-05	0	0.001024189	0.000272808	0.03422836	0	0	0	0	0	0	0	0	0	0	0
CG>GT	4.93E-05	0.002846516	0	1.89E-05	0.002351143	0	0.000156357	3.21E-12	0.000915882	0.172054131	0.000950066	0.000337702	0.001629897	0.002625085	0.002603527	0.003362705	0.001355312	0.001559071	0	5.11E-09	0	0	1.85E-11	0.000472858	0.003735806	0.000392193	0.001241268	0.027382688	0.000138398	0	0	0	0	0	0	0.009006234	0	0	0.01308095
CG>TA	0.000666521	0.000301367	0.08025865	1.41E-20	0.000573729	0.001817675	0.00011684	0.25653744	0.001529569	0.063911081	9.21E-05	0.229724837	0.000649605	2.50E-07	0	0.001039591	0.015899087	0.001600833	0.003485259	0.001609968	0	0	0.002846349	0.001169059	0.006536977	0.007263875	0.065210284	0.047919704	0.00089407	0	0	0	0	0	0	0.009269877	0	0	0
CG>TC	9.56E-05	0.004748239	5.69E-05	0.000144032	0.001126078	0	0.001357438	0.000455343	0.002193553	0.176063352	0.001531461	0.000192856	0.000540917	2.10E-15	0	0.000598377	0.001315319	0.001866998	0.008728082	0.000485909	0.000565224	0	0.00049057	3.32E-05	0.003216933	0.000613417	0.001380615	0.061611047	0	0	0.009720617	0.016248674	0.005760698	0	0	0	0	0.016001768	0
CG>TT	0.000274759	0.010033563	0.013071835	0.002016922	0.004068462	0	0.000223772	0.008704526	0.001610831	0.128705291	0.004847973	0.003983425	0.00301633	1.51E-07	0	0.003155384	0.001612387	0.004501966	0	0.003637688	0	0.00049687	0.001539586	0.0038229	0.005903859	0.000659791	0.010296793	0.061611047	0.030271852	0	0	0	0	0	0	0.008953783	0	0	0
CT>AA	0.001371449	0.021764267	0.021538882	0.041919361	0.234321339	0.005139181	0.011223388	0.010588859	0.016870973	3.78E-07	0.020381477	0.005872779	0.020558077	0.035176986	0.015421703	0.118774644	0.005449922	0.02228184	0.00498296	0.009923113	0.013746506	0.135351726	0.013003012	0.027187349	0.009590895	0.001387644	0.008872484	0.009011244	0.003446306	0.01598099	0.034958857	0.144023885	0.015178703	0.019578461	0.026609435	0.072433546	0.02989893	0.001002934	0.052293532
CT>AC	0.000746278	0.004433539	0.026321327	0.010185089	0.091707292	0.024554351	0.005291581	0.02013835	0.006714943	0.002425594	0.008879393	0.020929837	0.016099739	0.006315754	0.009886765	0.365641533	0.018084228	0.009817917	0.02368564	0.014871673	1.68E-06	0.020456042	0.006328162	0.035197968	0.013507936	0.01155943	0.079650339	7.22E-06	0.007037751	0	0	0.014523019	0.009417287	0	0.033399738	0.027466739	4.88E-06	0	0.039212582
CT>AG	0.000216669	0.003739526	0.095956769	0.010772399	0.014786184	0.01700677	0.005266503	0.061926853	0.003225989	0.003059767	0.007322274	0.015250067	0.006939293	0.005491376	0.008280602	0.008186126	0.002392551	0.020247678	0	0.006634389	4.05E-05	0.009656829	0.009444168	0.052232307	0.011308868	0.001157612	0.010715951	0.027382688	2.17E-07	0	0	0	0.029629856	0.009991564	0	0.016908741	0.029268273	0	0.026010567
CT>GA	0.000361075	0.001084127	0.000108862	0.001796298	0.007352448	0.0035271	0.003035717	4.14E-05	0.002280911	0.000326778	0.002915197	0.000248173	0.004474932	0.000649932	0.010031424	0.004389053	0.002084191	0.003390557	0.003311738	0.006264455	0.003694091	0.000711293	0.000450609	0.001471606	0.001220709	0.000514675	0.000371533	0.005928215	0.001402602	0	0	0	0.006514652	0.013820657	0	0.018647641	0	0	0
CT>GC	0.000707019	0.000634144	6.42E-05	0.000615193	0.002510573	0.00931787	0.000333986	0.000186839	0.001671546	0	0.001634355	0.001107506	0.005496174	0.001185235	0.00206465	0.003489477	0.006396373	0.003831535	0.003413185	0.012476512	0	0.001218937	0.001209125	0.008805647	0.003307358	0.005588891	0.002661648	0.010926884	0.010212499	0	0	0	0.005981434	0	0.033399738	0	0	0	0
CT>GG	0.000173103	0.000849573	0.003879549	0.000376532	0.001927292	0.006738757	0.001626756	8.01E-05	0.002833526	0.006259682	0.001849546	0.000230948	0.000797596	0.007054826	0.003910046	0.001129648	0.002679508	0.006960877	0	0.004312942	0.000464344	0.007491495	0.004108562	0.00395578	0.009308376	0.000887577	0.000347107	0	0.001664213	0	0	0.032251366	0.006709344	0	0	0	0	0	0.013111215
CT>TA	0.023017657	0.00997765	0.00082035	0.007826792	0.016954663	0.006334274	0.004634197	0.0012722	0.033812903	0.004890099	0.008385028	0.003581696	0.012207401	0.011087415	0.030113295	0.010142792	0.008581928	0.009298587	0.019448671	0.010576939	0.007362276	0.015357678	0.00631439	0.007545203	0.005870566	0.001554853	0.002954704	7.62E-06	0.000120071	0	0.008559366	0.031266657	0.005895127	0	0.006646965	0.007388941	0.033454884	0	0.026131633
CT>TC	0.013106799	0.001768075	0.004902789	0.00384594	0.010221121	0.054317553	0.003291688	0.00543063	0.007301506	0.004648837	0.004873779	0.032179233	0.010357161	0.016701656	0.004877156	0.004992252	0.063691511	0.011426374	0.105193905	0.020829061	0.007729653	0.025258098	0.012793008	0.099780842	0.016665401	0.031820734	0.05141584	0.016856821	0.022289283	0.032233615	0.019441235	0.03052726	0.018690386	0.026704563	0.020048414	0.045277647	0.03010572	0.076904663	0.026040833
CT>TG	0.003462309	0.002617462	0.042867847	0.002501166	0.00719166	0.011359469	0.00198748	0.059860441	0.004913678	0.000745521	0.004487527	0.02101227	0.002876755	0.001822651	0.004944016	0.003472804	0.003577402	0.007347659	0.008190953	0.003774351	0	0.005326119	0.005140268	0.007419409	0.018805588	0.001449092	0.007283527	0.006845672	0.000208563	0.032179301	0	0.013780599	0.016987794	0	0	0.046367581	0.009575338	0.014993829	0
GC>AA	0.002170186	0.007795117	0.004359496	0.270915212	0.020497589	0.00911051	0.015311482	0.000440035	0.017589462	0.010805077	0.04080919	0.025247428	0.047240316	0.005624279	0.01570163	0.0152391	0.006739224	0.073272803	0.008280647	0.023936468	0.008504898	0.010997757	0.017222383	0.029934967	0.011516668	0.002053241	0.017501565	0.018045524	0.061654928	0	0.026562013	0.043074606	0.042108159	0.006960086	0	0.00450735	0.0004017	0.028115635	0.025586815
GC>AG	0.000714723	0.00136091	0.000162324	0.02107594	0.008090709	0.00818904	0.0053022	0.000227808	0.004743338	0.008717188	0.013066696	0.002566421	0.042884944	0.012738875	0.008143358	0.003805934	0.006118011	0.023725553	0.00863447	0.020581311	0.012955962	0.000235431	0.005343724	0.006442153	0.012151359	0.001239165	0.003401582	2.47E-06	0.001693921	0	0.015603364	0.015510138	0.017876696	0.03255249	0	0	0	0.014057958	0.026192165
GC>AT	0.001390829	0.001892953	0.002185192	0.046599585	0.005821895	0.002009371	0.002684328	0.00519115	0.007545685	0.000843454	0.011020653	0.078486196	0.034538009	4.71E-12	0.016045514	0.005747933	0.012266062	0.018242405	0.009266129	0.012527444	0.001599753	9.11E-09	0.000595277	0.006543505	0.020630517	0.003260285	0.085375732	0.00499259	0.034783259	0.226775638	0.009034757	0.012787291	5.19E-05	0.000295443	0	0.007225715	0.033621907	0.014622122	0.02585923
GC>CA	0.000149287	0.001613242	6.38E-13	0.009554677	0.003747399	0.000814346	0.001336595	1.34E-07	0.009074394	0.005893337	0.005831608	0.000781189	0.018309743	0.006272648	0.00582154	0.003135628	0.007006653	0.009315855	0.005993843	0.009501172	0.00768562	0.000618716	0.008920981	0.003146767	0.004404919	0.001644876	0.000810579	0.00060289	0.019276598	0	0.028029051	0	0.004602622	0.010974062	0.006646965	0	0.023185503	0	0.012929615
GC>CG	1.37E-05	0.000191155	0	4.86E-20	0.000332314	0	0.000132397	5.47E-06	0.000110812	0	0.000329805	0.000274602	0.001238642	0.000208811	0	0.000461213	0.002830312	0.000902795	0	0.001857832	0	0	7.12E-05	0.00036196	0	0.001110239	0.000247853	0.004992569	0	0	0	0	0	0	0	0	0	0	0
GC>TA	7.30E-05	0.001120735	0.008322675	0.018976635	0.001868309	0.004432395	0.002064728	0.004352735	0.001744007	0	0.002942315	0.00580357	0.012456923	0.001670318	0.002622739	0.00192625	0.001411032	0.005309468	0	4.46E-20	8.89E-06	0	5.82E-07	0.003629079	0.002963697	0.000272655	0.002477546	0.002779159	0.005424181	0	0.009720617	0	0.001072482	0	0	0.008937355	0	0.015728698	0.013020417
TA>AT	0.001464728	0.003747488	0.005360315	0.018153604	0.006806016	0.015019793	0.004383898	0.006787444	0.006313421	0.001160622	0.008094793	0.021830937	0.01986065	0.081112574	0.013412412	0.005715316	0.053778436	0.01701731	0.054987804	0.031027679	0.087207142	0.187359719	0.040577875	0.014353622	0.007631458	0.01851754	0.012142562	0.038711106	0.040135717	0.01598099	0.027799537	0	0.050486943	0.051470096	0.040053953	0	0.020815228	0	0.012869079
TA>CG	6.77E-05	0.000253421	0.002315554	0.000801841	0.000527174	0.003691627	2.34E-11	0.003053587	0.000422054	0	0.00017051	0.005856199	0.000526345	0.000710303	0.002621553	8.57E-05	0.004461537	0.000651775	0	0.005336547	0.004291755	0	0.00042538	0.001554749	0.012239548	0.001139178	0.005701574	0	4.52E-05	0	0	0	0.013293288	0	0.013365609	0	0	0	0
TA>CT	0.001227603	0.003018916	0.000226467	0.004624575	0.004968702	0.017100799	0.001331439	0.000255636	0.002360725	0.001791565	0.006290558	0.001141747	0.017713651	0.032364596	0.004547257	0.003192339	0.013991934	0.015916565	0.008470478	0.019674719	0.078623091	0.041958659	0.008732727	0.006052945	0.01380198	0.003970921	0.001078467	0.018046534	0.00707143	0	0	0	0.030739859	0	0.006639764	0.007779058	0	0	0
TA>GC	4.97E-05	6.15E-05	0.001800243	0.000333002	0.000365348	0.00072465	6.29E-05	0.001125019	3.26E-05	0.000943591	0.000183145	3.06E-05	5.08E-05	0.001086591	0	0.000576042	0.00058702	0.000164905	0	0.004068397	0.007622707	0.003499059	6.39E-05	0.000929058	0.001158305	0.000132801	0	0.005928215	0	0	0	0	0	0	0	0	0	0	0
TA>GG	0.000223693	0.00013994	0.003704061	0.001613275	0.001158627	0.01014746	0.000238395	0.005570104	0.000727283	0.000789564	0.001125328	0.001744425	0.004283686	0.0031694	0	0.001138173	0.000851794	0.001805652	0	0.001457738	0.007296358	0.006973343	0.006444041	0.001954701	0.003534609	0.000612717	1.99E-05	0	0	0	0	0	0.005994747	0	0.006668502	0.009329218	0	0.016001768	0
TA>GT	0.001645786	0.001316606	0.000817327	0.003184944	0.00227088	0.015206699	0.002017558	0.001036263	0.004277178	0.001091775	0.003568929	0.001279867	0.011488111	0.027263374	0.007551534	0.002337155	0.00855453	0.004104861	0.006934831	0.036196079	0.08469437	0.047563787	0.007236936	0.005950083	0.001727914	0.004711954	4.26E-07	0.014020771	0.000848018	0	0.028937129	0	8.26E-05	0.012028382	0	0	0.009624236	0.015637392	0
TC>AA	0.001700669	0.009967214	0.014443771	0.141568354	0.117798481	0.003724926	0.023113784	0.001563723	0.024284764	0.004940243	0.058211064	0.001358298	0.045037246	0.020613776	0.0418016	0.035567835	0.006304032	0.154471373	0.008765058	0.033225466	0.155823313	0.007137452	0.063189725	0.038620791	0.025023024	0.00135566	5.19E-09	5.19E-10	5.34E-05	0.031336612	0.057700546	0.071131412	2.11E-06	0.039723734	0.006356835	0.030869605	9.41E-15	0.037111118	0.051324974
TC>AG	0.000347545	0.001389379	8.53E-15	0.015107142	0.031718729	0.002765526	0.00350338	7.06E-05	0.062519522	0.004004726	0.004883274	0.000225161	0.010154595	1.16E-14	0.135449441	0.010860652	0.002676267	0.010084813	0.006948925	0.00408112	0.003243139	6.67E-13	0.005265498	0.003187015	0.003242218	0.000726299	6.26E-18	0.020537016	3.86E-05	0	0	0.063272146	0.007509483	0.011895946	0	0	0.046567883	0	0.012929615
TC>AT	0.012077673	0.005093252	0.011982513	0.04840496	0.064714924	0.000872089	0.009323199	0.00106327	0.144380004	0.00418652	0.019713565	0.002789975	0.088219627	0.029815805	0.182484724	0.016662013	0.013580952	0.057879303	0.00875535	0.017141399	0.016640562	3.92E-06	0.009173217	0.028799893	0.017388884	0.003782345	1.04E-05	0.038331614	0.000422658	0.015872279	0.030507711	0.045544266	0.108569135	0.053884666	0	0.014159032	0.024157754	0.044610829	0.039030983
TC>CA	0.000625489	0.004384618	0.058177046	0.013117205	0.007542164	0.016401504	0.012779125	0.038415859	0.010932828	0.014840896	0.014795892	0.020783007	0.024067659	0.022096029	0.026871596	0.004217238	0.013695632	0.045098396	0.020448206	0.017513145	0.013781937	0.004431622	0.013926328	0.024392234	0.011365372	0.006151488	0.011964837	0.009021936	2.40E-06	0.015953818	0.084087152	0.013780599	6.57E-05	0.050536238	0	0.013112465	0.064416551	0.07699646	0.052263266
TC>CG	3.85E-05	0.000442133	4.87E-05	0.00119617	0.001435464	0	2.16E-21	0.000178035	0.004119071	0.004280935	0.000891078	0.000339814	0.002319485	0.004802729	0.005344487	0.001288968	0.001233377	0.003407909	0.00265224	0.002672349	0.005570479	0	9.36E-57	0.00138118	0.005900659	0.001055831	4.51E-08	0.006845672	0.001680238	0	0	0	0.005526852	0	0.006675659	0	0	0	0
TC>CT	0.002936983	0.004589783	0.020258824	0.006259507	0.006559641	0.008822814	0.004453681	0.020242456	0.02485288	0.002017865	0.009005699	0.041563516	0.049422217	0.027411772	0.02334088	0.004318995	0.082906325	0.018658455	0.093671498	0.018963345	0.0055861	2.99E-13	0.013379733	0.013882354	0.031985785	0.038375347	0.037053362	0.02091567	0.077321641	0.01598099	0.026159424	0.030280621	0.01880713	0.053356443	0.019955279	0.006392698	0.043734484	0	0.03915205
TC>GA	0.000599058	0.001771738	0.065013673	0.013476107	0.00472361	0.01359938	0.003956161	0.059883005	0.005720358	0.009744725	0.010092861	0.00858283	0.012269384	0.020746176	0.012675658	0.003372435	0.004036336	0.027105988	0.008649367	0.010730435	0.001174823	0.001445827	0.000202155	0.022018542	0.009308444	0.0008087	1.71E-12	0.01185643	0.002710403	0	0.007801104	0.031266657	0.021678534	0.037340196	0.006625327	0.007625029	0.021028706	0.014528678	0.01299015
TC>GG	0.000363353	0.000111853	9.46E-05	0.000985699	0.00114196	0.004529651	0.001555647	2.73E-05	0.00700897	0.001904737	0.000861224	0	0.002015561	0.006982698	0.013282749	0.000801199	0.000851359	0.003079894	0	0.001609968	0.004291877	0	0.000115386	0.00124129	0.001848138	0.000425571	0	0.006845672	0.002033899	0	0	0	0.006982885	0	0	0	0	0	0
TC>GT	0.006794695	0.001974404	0.037230492	0.003490711	0.008479047	0.00425992	7.12E-05	0.045226214	0.024284494	7.44E-10	0.003210882	0.014179289	0.008467061	0.014028263	0.015640617	0.004018549	0.004720555	0.010579765	0.003901736	0.005887486	0.005189886	0.002838568	0.000203357	0.005657722	0.003652279	0.00177143	0.003651787	0.006845672	0.060051326	0.01606249	0.067819846	0	0.008763957	0	0.006675659	0.008198002	0	0.031457396	0
TG>AA	0.001694169	0.00584928	1.75E-05	0.005633596	0.013956308	0.009140841	0.005778477	7.32E-05	0.011311	2.76E-05	0.009592969	0.000484264	0.037321552	0.005480782	0.00257052	0.015614957	0.006737935	0.014110927	0.012749117	0.005185943	0.029975047	0.008868135	0.036686155	0.006896447	0.015565365	0.001581977	0.00776607	0	0.187519898	0	0	0	0.020259077	0.012968658	0	0.017169772	0	0	0
TG>AC	0.000391684	0.000735993	2.61E-06	0.001842999	0.00328337	0.010561142	0.001781728	4.10E-05	0.001987225	0.001229684	0.002491335	4.29E-05	0.010886838	0.000892206	0.002334089	0.004076523	0.002756369	0.003606081	0	0.00330825	0.016434148	0.001029308	0.002034056	0.000814973	0.006528521	0.000790243	0.001021295	0	4.19E-07	0	0	0	0.003801796	0	0	0	0	0	0
TG>AT	0.006021623	0.032269613	0.00027468	0.010359245	0.03037931	0.001236064	0.010132574	0.000180904	0.011403071	0.008695575	0.024959031	0.001265996	0.025759126	0.04389606	0.023293441	0.026525991	0.007108881	0.024656796	0	0.015612588	0.105657495	0.00531913	0.024827635	0.017519346	0.007021004	0.002942237	4.89E-10	0.02278585	0.024842558	0.015627489	0.026870094	0.043321866	0.045823012	0.018824678	0	0.000103584	0.018444523	0.01415261	0.038758578
TG>CA	0.001227841	0.001570142	0.008259023	0.005192542	0.007565443	0.002780125	0.001806534	0.026467977	0.012067284	0.004187944	0.007471328	0.038038257	0.007860219	0.015046753	0.020355299	0.005176216	0.043142441	0.015639229	0.052323194	0.007513295	0.002761105	0.00531914	0.013741767	0.006986646	0.227864221	0.013966636	0.07019012	0.010926882	0.003372885	0.064711598	0.018990002	0.079521012	0.057276963	0.00950438	0.013351318	0.045738433	0	0.014622121	0
TG>CC	0.000390854	0.001014486	0.000202875	0.003246517	0.003327392	0	0.00152622	0.000117477	0.002719676	0.008362435	0.002343709	0.000523814	0.006185711	4.99E-06	0.002748426	0.001523556	0.003106428	0.004077916	0.003116453	0.004395717	0.004045193	0	0.000714218	0.003158522	0.019544387	0.000945842	0.001115548	0	1.30E-07	0	0.007802407	0.015756477	0.005774876	0.02896747	0	0	0	0	0
TG>CT	0.003800537	0.033228476	0.002597482	0.017267308	0.012806312	0.013914047	0.011821019	0.001553708	0.015428366	0.005222348	0.032863743	0.000497097	0.018652501	0.025744919	0.010490958	0.011173173	0.008358365	0.059736659	0.019610787	0.013787972	0.009954124	3.47E-11	0.005868932	0.016165998	0.026128889	0.002060997	3.01E-06	0.015921831	2.15E-05	0.015790712	0.028023117	0	0.009599282	0.061236128	0	0	0.066991559	0.059975316	0.078364632
TG>GA	0.00069266	0.000964624	0.000624862	0.006129934	0.002271802	0.007621536	0.001342119	0.001861288	0.00232374	0.003942041	0.00569046	0.004475926	0.010327031	0.002248913	0	0.002094106	0.007239367	0.005658976	0.010373832	0.003955701	0.012177625	0	0.007992354	0.003686786	0.007044079	0.004303057	0.00391657	1.18E-05	0.007467702	0	0.009266512	0	0.018553491	0	0	0.008777229	0.023331519	0.015545938	0
TG>GC	0.000150396	0.000710914	0.000145337	0.00470752	0.001392632	0.006057723	0.001637493	8.69E-05	0.001568805	0.002033839	0.002383788	0.001096442	0.001873643	0.001871537	0.007868054	0.001539113	0.002166964	0.001744615	0.006836409	0.006975372	0.004546144	0	0.000469091	0.000611129	0.005051151	0.003380161	0.000387242	0.004992585	0	0.016225404	0	0	0.013173906	0	0	0	0.011116399	0	0
TG>GT	0.003218244	0.009786917	0.017673065	0.011206494	0.048094976	0.016297427	0.004693247	0.010760525	0.011126594	0.001734037	0.013009551	0.015015944	0.010733909	0.013699259	0.003371169	0.108401464	0.066870701	0.011363381	0.058589416	0.015607	0.007051282	0.010609745	0.007149177	0.010069611	0.005880772	0.046027827	0.023029816	0.021853768	0.003791586	0	0.017835013	0.013780599	0.026907078	0	0.033363987	0.017519626	0.008809652	0.03035709	0
TT>AA	0.006224725	0.004348973	0.009905218	0.014751884	0.012247116	0.081245093	0.015106746	0.019096895	0.00795201	0.001326685	0.014512315	0.026977635	0.039069313	0.109552528	0.007348637	0.012617093	0.058254498	0.02644654	0.006255164	0.035981774	0.082040522	0.201708667	0.315723786	0.058820164	0.028176656	0.152904056	0.043024024	0.015921831	0.030872294	0	0.017598495	0.010529596	0.012797597	0.050384279	0.080136504	0.059064636	0.021442712	0.014152592	0.012445287
TT>AC	0.001119683	0.000208389	0.006134743	0.001848106	0.002220186	0.044014961	0.000800487	0.00101683	0.000722748	0	0.005554003	0.002385547	0.013061041	0.027362847	0.007698557	0.003185797	0.0105342	0.005460619	0.008538657	0.016502737	0.012741226	0.024123289	0.016007816	0.007837893	0.009211688	0.011576196	0.008359589	0.018706658	0.000280847	0.016171112	0.009495001	0	0.019058783	0.02675763	0.133648954	0.027765073	0.033632904	0	0
TT>AG	0.001316149	0.00129145	0.018889074	0.000874344	0.003210156	0.044607455	0.005388223	0.016045056	0.001786023	0.002587808	0.002493077	0.003241324	0.013356015	0.013136902	0.00705245	0.00200348	0.006205691	0.005864559	0.012058068	0.019389122	0.008564161	0.015542549	0.023934109	0.022825175	0.008019723	0.008260613	0.002761344	0.000990534	0.012673363	0	0	0	0	0	0.020026977	0.027717087	0.020181425	0.047003531	0.026192165
TT>CA	0.002048908	0.000803166	0.000905515	0.006193901	0.003696861	0.152079106	0.000175698	0.0007179	0.003156174	0.003930936	0.002297464	0.001674885	0.012991094	0.011677679	0.002622739	0.003450434	0.006795143	0.008272892	0	0.068661547	0.005696666	0.017792269	0.053680469	0.062234917	0.012497916	0.007619686	0.001198494	0.060699117	0.000304647	0	0.009495001	0.015016946	0.037678326	0	0.020041272	0.026596834	0.005518143	0.061633877	0.078697558
TT>CC	0.004500049	0.00108527	0.005902338	0.007738251	0.0044036	0.02994113	0.000783179	0.004511984	0.001849969	0.002505744	0.001294098	0.030584276	0.011006205	0.008603422	0.005214152	0.001449846	0.108332839	0.004454092	0.05335373	0.015347432	9.81E-16	0.005704073	0.015359607	0.010480208	0.022735646	0.281520774	0.083910232	0.005928215	1.20E-05	0	0.03888247	0	0	0.010812417	0.160387314	0	0.009112102	0.015910882	0.039424443
TT>CG	0.000378189	0.000270939	0.02138543	0.001470041	0.000657851	0.018541924	0.000485016	0.017869919	0.00048416	0.000770524	0.00109403	0.006483226	0.002466881	0.007242748	0.002748426	0.000336366	0.001602353	0.001516029	0.003437262	0.005743427	0	0	0.002326329	0.00712144	0.004743058	0.00216762	0.002347752	0.006845672	0	0	0	0	0	0	0	0	0	0	0.01308095
TT>GA	0.001670682	0.000344388	0.013141255	0.002209143	0.002115609	0.012956048	0.002703128	0.008224762	0.001386245	0	0.001794046	0.001694706	0.001810689	0.006620691	0.005224461	0.001788235	0.023623373	0.005712175	0.017158309	0.016082144	0.002270964	0.034265269	0.046548672	0.013148352	0.005767283	0.014481217	0.00428728	0.019623858	0.005927656	0	0	0.014770078	0	0	0.013351318	0.007934791	0	0	0.012959883
TT>GC	0.000838018	0.00022892	0.041168738	0.001910727	0.000937052	0.02301588	0.000132868	0.03335732	0.00184546	0.00369303	0.001164956	0.017042423	0.005177219	0.003110038	0.002603527	0.000585039	0.006927881	0.002259756	0	0.026609499	0	0.005319155	0.012226545	0.007869932	0.008297537	0.009533519	0.001906821	0.039247717	0	0	0	0	0.01189576	0	0.066828047	0	0.021661386	0	0.013141481
TT>GG	0.001327159	0.00068385	0.19717176	0.000398723	0.001271098	0.043293226	0.000213029	0.116638256	0.001165965	0	0.001123204	0.025716109	0.000769661	0.004276799	0	0.001579584	0.042784597	0.001460831	0.003486992	0.009404022	0.000316616	0.005654335	0.001183783	0.036833168	0.002852417	0.177156083	0.019540716	0.013691344	0	0	0.008559361	0	0.013107633	0	0.033378294	0.037040226	0.008846213	0.015637392	0